200 60
192 104
200 76
152 64
152 60
176 104
200 52
184 92
192 100
160 108
192 60
160 48
192 80
160 64
192 88
168 48
160 64
192 60
176 52
184 80
176 80
192 108
192 52
176 56
168 52
176 84
168 68
160 88
168 60
168 104
152 92
184 68
160 80
168 100
152 76
200 96
200 104
160 72
176 92
152 100
168 52
160 48
200 80
152 72
192 60
176 76
176 100
176 48
200 108
192 88
200 76
192 56
192 56
168 68
200 64
168 84
160 48
152 60
152 68
152 104
160 104
160 80
192 92
152 80
168 48
192 100
200 60
168 72
200 48
184 96
200 108
192 68
152 96
200 52
176 48
168 68
152 108
200 76
176 80
184 72
184 96
160 84
160 60
152 68
168 64
192 88
184 48
168 48
152 100
200 108
152 88
184 72
152 60
176 80
184 100
200 76
200 72
160 48
176 68
152 80
160 56
168 84
160 84
160 96
176 88
184 64
200 108
184 100
184 104
168 108
184 96
160 72
168 84
152 96
168 56
184 68
192 88
184 84
192 104
152 88
168 60
200 56
184 72
152 92
184 48
184 84
176 92
184 52
152 68
200 64
184 72
192 92
184 84
168 104
176 100
200 84
200 100
176 108
176 64
152 92
200 72
200 52
160 52
168 48
200 100
152 92
168 84
168 92
192 76
200 68
192 96
160 100
176 104
192 96
152 64
184 64
192 48
184 76
152 84
176 68
184 108
200 52
176 96
176 48
176 84
160 80
168 72
192 72
176 72
160 68
184 92
152 84
176 72
176 104
160 60
184 88
152 96
168 56
192 100
176 72
152 80
168 56
152 60
152 68
176 76
184 96
200 76
152 108
152 84
192 68
184 100
200 56
176 96
160 72
168 56
200 104
168 96
152 88
176 52
184 104
184 80
184 96
152 100
200 48
152 48
152 48
176 84
152 100
184 92
160 88
160 96
184 64
200 56
192 80
152 80
152 92
200 64
192 92
192 92
184 88
152 104
152 68
152 88
200 52
160 104
152 88
168 108
168 96
192 80
176 108
152 76
200 60
168 104
184 64
200 68
152 64
168 80
160 88
200 52
192 100
192 96
176 108
200 60
168 76
152 52
176 68
160 76
152 76
200 92
176 56
192 88
184 48
152 88
176 96
176 88
176 100
160 68
168 104
168 64
184 64
152 68
176 76
176 72
200 72
184 88
160 96
184 88
160 100
176 108
184 100
168 100
176 100
168 88
176 84
152 60
200 104
176 64
200 92
200 60
160 108
160 52
160 92
176 92
200 56
192 76
192 96
168 52
200 48
168 92
192 68
160 52
176 72
200 108
168 72
152 84
168 84
200 88
176 80
168 72
200 88
192 108
184 60
168 88
192 48
200 68
152 100
192 80
200 72
160 68
200 96
168 64
176 88
192 76
160 100
160 72
160 72
192 56
152 68
176 96
184 80
168 80
152 56
160 108
200 48
184 76
168 72
160 56
152 80
168 108
176 100
168 76
152 100
176 88
192 96
152 76
176 64
200 56
168 88
184 108
192 72
200 88
168 96
152 60
192 80
168 64
176 108
176 96
192 100
152 64
192 80
192 80
152 80
168 100
184 48
184 100
192 80
160 80
176 60
200 96
168 100
192 52
192 92
160 84
152 64
176 72
184 108
200 48
160 92
192 72
184 100
200 80
200 80
176 76
200 96
168 72
184 108
176 88
200 64
176 104
184 88
160 64
160 104
176 80
168 104
168 64
176 104
184 48
184 80
176 52
152 108
192 48
184 108
168 88
168 56
168 80
152 96
200 68
192 52
176 88
160 48
152 108
192 56
200 84
168 60
152 48
184 68
160 60
168 84
184 100
184 52
184 88
184 56
152 88
176 48
176 104
192 100
184 60
184 60
192 72
200 76
168 56
176 104
160 96
160 84
160 68
160 64
176 80
184 64
152 72
168 68
184 60
192 56
160 64
192 80
160 104
192 60
160 92
200 92
192 104
200 84
176 64
176 92
168 108
192 76
152 104
192 92
168 96
168 100
200 72
184 76
192 108
176 68
184 52
152 64
168 88
184 76
168 104
176 64
168 80
160 80
152 92
200 96
184 48
192 76
168 56
152 92
192 108
192 96
152 76
184 68
184 104
176 92
160 100
176 72
184 92
168 108
176 72
200 88
176 52
192 96
192 64
160 56
192 100
184 64
184 76
192 72
152 48
184 108
152 88
176 64
160 48
176 108
192 52
192 56
184 84
192 88
176 80
200 48
160 92
184 48
152 52
192 80
200 84
168 76
152 108
184 100
192 76
200 80
192 108
200 68
160 52
168 48
152 76
168 68
184 108
200 100
176 56
168 100
168 80
200 84
192 60
192 100
184 104
200 84
168 52
160 96
192 68
200 92
192 52
192 72
200 108
192 92
160 96
176 64
176 108
176 104
152 80
192 64
168 92
168 104
168 100
192 108
168 104
176 84
152 84
152 108
168 60
184 68
200 108
152 60
168 104
200 88
160 84
168 96
200 68
152 80
168 60
160 56
200 52
192 48
176 96
160 48
160 88
184 52
168 76
152 96
200 60
200 100
176 80
152 92
160 88
192 108
192 64
200 64
192 52
176 84
176 100
160 88
152 96
168 104
152 60
192 104
192 56
192 88
200 48
176 96
160 96
184 92
200 104
168 76
168 80
200 52
160 68
184 68
152 72
168 96
176 84
152 76
184 84
184 104
168 64
184 104
192 108
184 76
152 84
160 100
168 80
168 76
200 104
184 56
184 52
184 72
152 96
168 80
192 108
192 104
184 48
168 88
160 72
168 108
168 52
184 108
160 100
176 76
192 80
176 56
184 52
192 48
200 80
192 100
200 68
168 60
168 80
168 104
168 84
160 76
176 100
160 64
200 80
184 92
192 96
192 60
192 92
176 52
184 108
200 88
192 92
184 52
184 56
184 56
200 88
160 104
168 56
168 84
184 84
200 52
192 100
176 56
200 92
184 52
160 60
168 56
176 100
160 52
176 80
168 52
184 64
184 60
160 48
184 100
184 100
152 92
176 60
160 52
192 68
192 64
200 64
160 100
200 92
200 96
152 96
176 56
168 52
176 88
192 92
200 68
168 104
168 64
168 96
184 68
192 56
184 76
160 92
192 80
176 84
192 56
168 96
200 96
184 108
184 108
160 92
168 100
160 84
200 60
160 88
200 100
192 76
160 64
192 84
168 64
200 100
160 92
168 84
192 48
168 68
200 68
152 72
176 80
160 52
168 64
152 64
192 104
168 72
160 52
192 84
168 60
168 108
176 100
152 96
168 88
200 52
168 104
176 76
152 52
160 100
168 64
176 92
176 80
176 104
168 60
176 96
192 88
160 68
184 72
152 100
192 108
168 60
192 104
200 92
200 60
168 92
152 80
168 60
192 100
152 80
176 96
152 88
160 104
152 108
184 96
152 92
160 56
184 96
160 100
168 64
176 92
168 76
168 56
184 88
192 68
200 104
184 100
152 76
160 100
168 80
184 96
184 48
160 48
160 88
152 88
176 52
184 76
176 60
176 84
200 100
160 92
160 64
176 68
168 72
168 64
192 88
160 64
168 88
192 84
200 100
168 56
160 96
200 108
184 56
192 108
160 104
192 80
192 48
184 96
176 68
184 100
184 76
160 104
184 60
160 68
160 68
200 84
160 92
200 76
168 76
184 56
176 92
160 84
152 72
184 100
168 48
168 76
152 104
176 52
200 56
176 104
184 76
152 60
160 48
184 60
152 88
168 88
176 80
184 68
160 72
160 80
192 92
168 100
152 100
200 60
192 80
192 60
152 56
192 72
152 72
200 76
176 72
168 96
168 48
192 56
152 96
160 96
168 96
152 60
160 72
200 52
176 100
160 88
192 52
184 88
176 48
168 100
176 84
200 76
192 68
176 48
152 92
152 96
184 68
160 64
176 64
168 48
192 68
200 88
176 80
152 108
184 92
160 56
160 48
152 84
168 68
184 80
176 56
200 96
184 100
184 52
184 72
176 80
184 92
152 72
152 92
184 84
192 104
152 60
184 52
200 56
152 96
184 104
184 92
160 64
176 56
160 72
152 48
160 80
200 68
184 100
176 52
184 104
168 56
200 60
200 56
200 60
160 80
200 96
200 72
168 56
192 96
152 92
152 68
168 92
152 64
168 72
176 108
152 100
192 104
184 80
200 60
168 84
176 80
168 100
168 48
184 92
192 100
176 52
168 52
152 76
184 72
192 56
192 64
168 60
160 76
176 60
160 108
192 48
192 96
176 56
160 104
168 96
192 56
200 96
168 72
168 52
168 68
200 60
152 72
200 48
168 84
168 72
200 84
152 72
200 64
192 56
152 72
200 48
152 48
160 100
152 104
184 88
168 68
160 64
192 88
184 84
184 68
200 52
168 80
176 92
160 52
176 48
184 48
192 72
200 56
184 88
184 60
168 92
152 60
160 100
160 104
176 84
168 96
200 52
192 96
160 88
160 92
192 104
192 80
176 56
160 72
192 76
200 88
176 80
